66
(
( 5.522400e-01 1.485800e-01 8.855000e-02 1.310400e-01 1.416400e-01 4.202000e-02 4.594000e-02 2.483000e-02 2.947000e-02)
( 5.522400e-01 1.485800e-01 8.855000e-02 1.310400e-01 1.416400e-01 4.202000e-02 4.594000e-02 2.483000e-02 2.947000e-02)
( 5.522400e-01 1.485800e-01 8.855000e-02 1.310400e-01 1.416400e-01 4.202000e-02 4.594000e-02 2.483000e-02 2.947000e-02)
( 5.522400e-01 1.485800e-01 8.855000e-02 1.310400e-01 1.416400e-01 4.202000e-02 4.594000e-02 2.483000e-02 2.947000e-02)
( 5.522400e-01 1.485800e-01 8.855000e-02 1.310400e-01 1.416400e-01 4.202000e-02 4.594000e-02 2.483000e-02 2.947000e-02)
( 5.522400e-01 1.485800e-01 8.855000e-02 1.310400e-01 1.416400e-01 4.202000e-02 4.594000e-02 2.483000e-02 2.947000e-02)
( 5.522400e-01 1.485800e-01 8.855000e-02 1.310400e-01 1.416400e-01 4.202000e-02 4.594000e-02 2.483000e-02 2.947000e-02)
( 5.522400e-01 1.485800e-01 8.855000e-02 1.310400e-01 1.416400e-01 4.202000e-02 4.594000e-02 2.483000e-02 2.947000e-02)
( 5.522400e-01 1.485800e-01 8.855000e-02 1.310400e-01 1.416400e-01 4.202000e-02 4.594000e-02 2.483000e-02 2.947000e-02)
( 5.522400e-01 1.485800e-01 8.855000e-02 1.310400e-01 1.416400e-01 4.202000e-02 4.594000e-02 2.483000e-02 2.947000e-02)
( 5.522400e-01 1.485800e-01 8.855000e-02 1.310400e-01 1.416400e-01 4.202000e-02 4.594000e-02 2.483000e-02 2.947000e-02)
( 5.522400e-01 1.485800e-01 8.855000e-02 1.310400e-01 1.416400e-01 4.202000e-02 4.594000e-02 2.483000e-02 2.947000e-02)
( 5.522400e-01 1.485800e-01 8.855000e-02 1.310400e-01 1.416400e-01 4.202000e-02 4.594000e-02 2.483000e-02 2.947000e-02)
( 5.522400e-01 1.485800e-01 8.855000e-02 1.310400e-01 1.416400e-01 4.202000e-02 4.594000e-02 2.483000e-02 2.947000e-02)
( 5.522400e-01 1.485800e-01 8.855000e-02 1.310400e-01 1.416400e-01 4.202000e-02 4.594000e-02 2.483000e-02 2.947000e-02)
( 5.522400e-01 1.485800e-01 8.855000e-02 1.310400e-01 1.416400e-01 4.202000e-02 4.594000e-02 2.483000e-02 2.947000e-02)
( 5.522400e-01 1.485800e-01 8.855000e-02 1.310400e-01 1.416400e-01 4.202000e-02 4.594000e-02 2.483000e-02 2.947000e-02)
( 5.522400e-01 1.485800e-01 8.855000e-02 1.310400e-01 1.416400e-01 4.202000e-02 4.594000e-02 2.483000e-02 2.947000e-02)
( 5.522400e-01 1.485800e-01 8.855000e-02 1.310400e-01 1.416400e-01 4.202000e-02 4.594000e-02 2.483000e-02 2.947000e-02)
( 5.522400e-01 1.485800e-01 8.855000e-02 1.310400e-01 1.416400e-01 4.202000e-02 4.594000e-02 2.483000e-02 2.947000e-02)
( 5.522400e-01 1.485800e-01 8.855000e-02 1.310400e-01 1.416400e-01 4.202000e-02 4.594000e-02 2.483000e-02 2.947000e-02)
( 5.522400e-01 1.485800e-01 8.855000e-02 1.310400e-01 1.416400e-01 4.202000e-02 4.594000e-02 2.483000e-02 2.947000e-02)
( 5.522400e-01 1.485800e-01 8.855000e-02 1.310400e-01 1.416400e-01 4.202000e-02 4.594000e-02 2.483000e-02 2.947000e-02)
( 5.522400e-01 1.485800e-01 8.855000e-02 1.310400e-01 1.416400e-01 4.202000e-02 4.594000e-02 2.483000e-02 2.947000e-02)
( 5.522400e-01 1.485800e-01 8.855000e-02 1.310400e-01 1.416400e-01 4.202000e-02 4.594000e-02 2.483000e-02 2.947000e-02)
( 5.522400e-01 1.485800e-01 8.855000e-02 1.310400e-01 1.416400e-01 4.202000e-02 4.594000e-02 2.483000e-02 2.947000e-02)
( 5.522400e-01 1.485800e-01 8.855000e-02 1.310400e-01 1.416400e-01 4.202000e-02 4.594000e-02 2.483000e-02 2.947000e-02)
( 5.522400e-01 1.485800e-01 8.855000e-02 1.310400e-01 1.416400e-01 4.202000e-02 4.594000e-02 2.483000e-02 2.947000e-02)
( 5.522400e-01 1.485800e-01 8.855000e-02 1.310400e-01 1.416400e-01 4.202000e-02 4.594000e-02 2.483000e-02 2.947000e-02)
( 5.522400e-01 1.485800e-01 8.855000e-02 1.310400e-01 1.416400e-01 4.202000e-02 4.594000e-02 2.483000e-02 2.947000e-02)
( 5.522400e-01 1.485800e-01 8.855000e-02 1.310400e-01 1.416400e-01 4.202000e-02 4.594000e-02 2.483000e-02 2.947000e-02)
( 5.522400e-01 1.485800e-01 8.855000e-02 1.310400e-01 1.416400e-01 4.202000e-02 4.594000e-02 2.483000e-02 2.947000e-02)
( 5.522400e-01 1.485800e-01 8.855000e-02 1.310400e-01 1.416400e-01 4.202000e-02 4.594000e-02 2.483000e-02 2.947000e-02)
( 5.522400e-01 1.485800e-01 8.855000e-02 1.310400e-01 1.416400e-01 4.202000e-02 4.594000e-02 2.483000e-02 2.947000e-02)
( 5.522400e-01 1.485800e-01 8.855000e-02 1.310400e-01 1.416400e-01 4.202000e-02 4.594000e-02 2.483000e-02 2.947000e-02)
( 5.522400e-01 1.485800e-01 8.855000e-02 1.310400e-01 1.416400e-01 4.202000e-02 4.594000e-02 2.483000e-02 2.947000e-02)
( 5.522400e-01 1.485800e-01 8.855000e-02 1.310400e-01 1.416400e-01 4.202000e-02 4.594000e-02 2.483000e-02 2.947000e-02)
( 5.522400e-01 1.485800e-01 8.855000e-02 1.310400e-01 1.416400e-01 4.202000e-02 4.594000e-02 2.483000e-02 2.947000e-02)
( 5.522400e-01 1.485800e-01 8.855000e-02 1.310400e-01 1.416400e-01 4.202000e-02 4.594000e-02 2.483000e-02 2.947000e-02)
( 5.522400e-01 1.485800e-01 8.855000e-02 1.310400e-01 1.416400e-01 4.202000e-02 4.594000e-02 2.483000e-02 2.947000e-02)
( 5.522400e-01 1.485800e-01 8.855000e-02 1.310400e-01 1.416400e-01 4.202000e-02 4.594000e-02 2.483000e-02 2.947000e-02)
( 5.522400e-01 1.485800e-01 8.855000e-02 1.310400e-01 1.416400e-01 4.202000e-02 4.594000e-02 2.483000e-02 2.947000e-02)
( 5.522400e-01 1.485800e-01 8.855000e-02 1.310400e-01 1.416400e-01 4.202000e-02 4.594000e-02 2.483000e-02 2.947000e-02)
( 5.522400e-01 1.485800e-01 8.855000e-02 1.310400e-01 1.416400e-01 4.202000e-02 4.594000e-02 2.483000e-02 2.947000e-02)
( 5.522400e-01 1.485800e-01 8.855000e-02 1.310400e-01 1.416400e-01 4.202000e-02 4.594000e-02 2.483000e-02 2.947000e-02)
( 5.522400e-01 1.485800e-01 8.855000e-02 1.310400e-01 1.416400e-01 4.202000e-02 4.594000e-02 2.483000e-02 2.947000e-02)
( 5.522400e-01 1.485800e-01 8.855000e-02 1.310400e-01 1.416400e-01 4.202000e-02 4.594000e-02 2.483000e-02 2.947000e-02)
( 5.522400e-01 1.485800e-01 8.855000e-02 1.310400e-01 1.416400e-01 4.202000e-02 4.594000e-02 2.483000e-02 2.947000e-02)
( 5.522400e-01 1.485800e-01 8.855000e-02 1.310400e-01 1.416400e-01 4.202000e-02 4.594000e-02 2.483000e-02 2.947000e-02)
( 5.522400e-01 1.485800e-01 8.855000e-02 1.310400e-01 1.416400e-01 4.202000e-02 4.594000e-02 2.483000e-02 2.947000e-02)
( 5.522400e-01 1.485800e-01 8.855000e-02 1.310400e-01 1.416400e-01 4.202000e-02 4.594000e-02 2.483000e-02 2.947000e-02)
( 5.522400e-01 1.485800e-01 8.855000e-02 1.310400e-01 1.416400e-01 4.202000e-02 4.594000e-02 2.483000e-02 2.947000e-02)
( 5.522400e-01 1.485800e-01 8.855000e-02 1.310400e-01 1.416400e-01 4.202000e-02 4.594000e-02 2.483000e-02 2.947000e-02)
( 5.522400e-01 1.485800e-01 8.855000e-02 1.310400e-01 1.416400e-01 4.202000e-02 4.594000e-02 2.483000e-02 2.947000e-02)
( 5.522400e-01 1.485800e-01 8.855000e-02 1.310400e-01 1.416400e-01 4.202000e-02 4.594000e-02 2.483000e-02 2.947000e-02)
( 5.522400e-01 1.485800e-01 8.855000e-02 1.310400e-01 1.416400e-01 4.202000e-02 4.594000e-02 2.483000e-02 2.947000e-02)
( 5.522400e-01 1.485800e-01 8.855000e-02 1.310400e-01 1.416400e-01 4.202000e-02 4.594000e-02 2.483000e-02 2.947000e-02)
( 5.522400e-01 1.485800e-01 8.855000e-02 1.310400e-01 1.416400e-01 4.202000e-02 4.594000e-02 2.483000e-02 2.947000e-02)
( 5.522400e-01 1.485800e-01 8.855000e-02 1.310400e-01 1.416400e-01 4.202000e-02 4.594000e-02 2.483000e-02 2.947000e-02)
( 5.522400e-01 1.485800e-01 8.855000e-02 1.310400e-01 1.416400e-01 4.202000e-02 4.594000e-02 2.483000e-02 2.947000e-02)
( 5.522400e-01 1.485800e-01 8.855000e-02 1.310400e-01 1.416400e-01 4.202000e-02 4.594000e-02 2.483000e-02 2.947000e-02)
( 5.522400e-01 1.485800e-01 8.855000e-02 1.310400e-01 1.416400e-01 4.202000e-02 4.594000e-02 2.483000e-02 2.947000e-02)
( 5.522400e-01 1.485800e-01 8.855000e-02 1.310400e-01 1.416400e-01 4.202000e-02 4.594000e-02 2.483000e-02 2.947000e-02)
( 5.522400e-01 1.485800e-01 8.855000e-02 1.310400e-01 1.416400e-01 4.202000e-02 4.594000e-02 2.483000e-02 2.947000e-02)
( 5.522400e-01 1.485800e-01 8.855000e-02 1.310400e-01 1.416400e-01 4.202000e-02 4.594000e-02 2.483000e-02 2.947000e-02)
( 5.522400e-01 1.485800e-01 8.855000e-02 1.310400e-01 1.416400e-01 4.202000e-02 4.594000e-02 2.483000e-02 2.947000e-02)
);