66
(
( -3.359940e+00 0.000000e+00 1.000000e-03)
( -3.359940e+00 0.000000e+00 2.500000e-03)
( -3.359940e+00 0.000000e+00 7.500000e-03)
( -3.359940e+00 0.000000e+00 1.250000e-02)
( -3.359940e+00 0.000000e+00 1.750000e-02)
( -3.359940e+00 0.000000e+00 2.250000e-02)
( -3.359940e+00 0.000000e+00 2.750000e-02)
( -3.359940e+00 0.000000e+00 3.250000e-02)
( -3.359940e+00 0.000000e+00 3.750000e-02)
( -3.359940e+00 0.000000e+00 4.250000e-02)
( -3.359940e+00 0.000000e+00 4.750000e-02)
( -3.359940e+00 0.000000e+00 5.250000e-02)
( -3.359940e+00 0.000000e+00 5.750000e-02)
( -3.359940e+00 0.000000e+00 6.250000e-02)
( -3.359940e+00 0.000000e+00 6.750000e-02)
( -3.359940e+00 0.000000e+00 7.250000e-02)
( -3.359940e+00 0.000000e+00 7.750000e-02)
( -3.359940e+00 0.000000e+00 8.250000e-02)
( -3.359940e+00 0.000000e+00 8.800000e-02)
( -3.359940e+00 0.000000e+00 9.250000e-02)
( -3.359940e+00 0.000000e+00 9.750000e-02)
( -3.359940e+00 0.000000e+00 1.000000e-01)
( -3.359940e+00 0.000000e+00 1.075000e-01)
( -3.359940e+00 0.000000e+00 1.125000e-01)
( -3.359940e+00 0.000000e+00 1.225000e-01)
( -3.359940e+00 0.000000e+00 1.325000e-01)
( -3.359940e+00 0.000000e+00 1.425000e-01)
( -3.359940e+00 0.000000e+00 1.525000e-01)
( -3.359940e+00 0.000000e+00 1.625000e-01)
( -3.359940e+00 0.000000e+00 1.725000e-01)
( -3.359940e+00 0.000000e+00 1.825000e-01)
( -3.359940e+00 0.000000e+00 1.925000e-01)
( -3.359940e+00 0.000000e+00 2.025000e-01)
( -3.359940e+00 0.000000e+00 2.125000e-01)
( -3.359940e+00 0.000000e+00 2.325000e-01)
( -3.359940e+00 0.000000e+00 2.525000e-01)
( -3.359940e+00 0.000000e+00 2.725000e-01)
( -3.359940e+00 0.000000e+00 2.925000e-01)
( -3.359940e+00 0.000000e+00 3.125000e-01)
( -3.359940e+00 0.000000e+00 3.325000e-01)
( -3.359940e+00 0.000000e+00 3.525000e-01)
( -3.359940e+00 0.000000e+00 3.725000e-01)
( -3.359940e+00 0.000000e+00 3.925000e-01)
( -3.359940e+00 0.000000e+00 4.125000e-01)
( -3.359940e+00 0.000000e+00 4.325000e-01)
( -3.359940e+00 0.000000e+00 4.525000e-01)
( -3.359940e+00 0.000000e+00 4.725000e-01)
( -3.359940e+00 0.000000e+00 4.925000e-01)
( -3.359940e+00 0.000000e+00 5.425000e-01)
( -3.359940e+00 0.000000e+00 5.925000e-01)
( -3.359940e+00 0.000000e+00 6.425000e-01)
( -3.359940e+00 0.000000e+00 6.925000e-01)
( -3.359940e+00 0.000000e+00 7.425000e-01)
( -3.359940e+00 0.000000e+00 7.925000e-01)
( -3.359940e+00 0.000000e+00 8.425000e-01)
( -3.359940e+00 0.000000e+00 8.925000e-01)
( -3.359940e+00 0.000000e+00 9.425000e-01)
( -3.359940e+00 0.000000e+00 1.042500e+00)
( -3.359940e+00 0.000000e+00 1.142500e+00)
( -3.359940e+00 0.000000e+00 1.242500e+00)
( -3.359940e+00 0.000000e+00 1.342500e+00)
( -3.359940e+00 0.000000e+00 1.442500e+00)
( -3.359940e+00 0.000000e+00 1.542500e+00)
( -3.359940e+00 0.000000e+00 1.642500e+00)
( -3.359940e+00 0.000000e+00 1.742500e+00)
( -3.359940e+00 1.399975e+00 1.800000e+00)
);