66
(
( 2.158180e+00 0.000000e+00 -3.580600e-01 2.495200e-01 0.000000e+00 3.603600e-01)
( 3.113590e+00 0.000000e+00 -3.580400e-01 3.599800e-01 0.000000e+00 3.603600e-01)
( 4.831770e+00 0.000000e+00 -3.579500e-01 5.586300e-01 0.000000e+00 3.603600e-01)
( 5.927190e+00 0.000000e+00 -3.578600e-01 6.852800e-01 0.000000e+00 3.603600e-01)
( 6.781130e+00 0.000000e+00 -3.577700e-01 7.840100e-01 0.000000e+00 3.603600e-01)
( 7.468410e+00 0.000000e+00 -3.576900e-01 8.638700e-01 0.000000e+00 3.603600e-01)
( 8.009000e+00 0.000000e+00 -3.576000e-01 9.262300e-01 0.000000e+00 3.603600e-01)
( 8.480430e+00 0.000000e+00 -3.575100e-01 9.797800e-01 0.000000e+00 3.603600e-01)
( 9.016210e+00 0.000000e+00 -3.574300e-01 1.042420e+00 0.000000e+00 3.603600e-01)
( 9.501910e+00 0.000000e+00 -3.573400e-01 1.098520e+00 0.000000e+00 3.803800e-01)
( 9.862590e+00 0.000000e+00 -3.572500e-01 1.140390e+00 0.000000e+00 3.945000e-01)
( 1.019124e+01 0.000000e+00 -3.571600e-01 1.177160e+00 0.000000e+00 4.073200e-01)
( 1.091317e+01 0.000000e+00 -3.570800e-01 1.261740e+00 0.000000e+00 4.361800e-01)
( 1.149053e+01 0.000000e+00 -3.569900e-01 1.327510e+00 0.000000e+00 4.590800e-01)
( 1.151607e+01 0.000000e+00 -3.569000e-01 1.331200e+00 0.000000e+00 4.604600e-01)
( 1.147435e+01 0.000000e+00 -3.568200e-01 1.326690e+00 0.000000e+00 4.587900e-01)
( 1.130157e+01 0.000000e+00 -3.567300e-01 1.306210e+00 0.000000e+00 4.522500e-01)
( 1.130125e+01 0.000000e+00 -3.566400e-01 1.306810e+00 0.000000e+00 4.522400e-01)
( 1.190069e+01 0.000000e+00 -3.565500e-01 1.375990e+00 0.000000e+00 4.758300e-01)
( 1.236278e+01 0.000000e+00 -3.564700e-01 1.429480e+00 0.000000e+00 4.945100e-01)
( 1.262593e+01 0.000000e+00 -3.563800e-01 1.459910e+00 0.000000e+00 5.050400e-01)
( 1.276490e+01 0.000000e+00 -3.563400e-01 1.474770e+00 0.000000e+00 5.101800e-01)
( 1.315032e+01 0.000000e+00 -3.562100e-01 1.519880e+00 0.000000e+00 5.262300e-01)
( 1.341367e+01 0.000000e+00 -3.561200e-01 1.549650e+00 0.000000e+00 5.358900e-01)
( 1.390121e+01 0.000000e+00 -3.559500e-01 1.607210e+00 0.000000e+00 5.555900e-01)
( 1.437973e+01 0.000000e+00 -3.557700e-01 1.662460e+00 0.000000e+00 5.756600e-01)
( 1.480444e+01 0.000000e+00 -3.556000e-01 1.711560e+00 0.000000e+00 5.926600e-01)
( 1.487732e+01 0.000000e+00 -3.554200e-01 1.720740e+00 0.000000e+00 5.953400e-01)
( 1.492108e+01 0.000000e+00 -3.552500e-01 1.724450e+00 0.000000e+00 5.968400e-01)
( 1.495113e+01 0.000000e+00 -3.550800e-01 1.727230e+00 0.000000e+00 5.972900e-01)
( 1.494467e+01 0.000000e+00 -3.549000e-01 1.727260e+00 0.000000e+00 5.980400e-01)
( 1.491621e+01 0.000000e+00 -3.547300e-01 1.724750e+00 0.000000e+00 5.966500e-01)
( 1.488072e+01 0.000000e+00 -3.545600e-01 1.719950e+00 0.000000e+00 5.957500e-01)
( 1.499820e+01 0.000000e+00 -3.543800e-01 1.733160e+00 0.000000e+00 5.994000e-01)
( 1.519377e+01 0.000000e+00 -3.540300e-01 1.755020e+00 0.000000e+00 6.077500e-01)
( 1.532820e+01 0.000000e+00 -3.536900e-01 1.771380e+00 0.000000e+00 6.128500e-01)
( 1.543439e+01 0.000000e+00 -3.533400e-01 1.785270e+00 0.000000e+00 6.176600e-01)
( 1.550356e+01 0.000000e+00 -3.529900e-01 1.792500e+00 0.000000e+00 6.195700e-01)
( 1.556838e+01 0.000000e+00 -3.526500e-01 1.798320e+00 0.000000e+00 6.230300e-01)
( 1.563332e+01 0.000000e+00 -3.523000e-01 1.805710e+00 0.000000e+00 6.253300e-01)
( 1.567243e+01 0.000000e+00 -3.519600e-01 1.810110e+00 0.000000e+00 6.266000e-01)
( 1.568805e+01 0.000000e+00 -3.516100e-01 1.811790e+00 0.000000e+00 6.269200e-01)
( 1.568194e+01 0.000000e+00 -3.512600e-01 1.813560e+00 0.000000e+00 6.263600e-01)
( 1.554831e+01 0.000000e+00 -3.509200e-01 1.797380e+00 0.000000e+00 6.219300e-01)
( 1.530256e+01 0.000000e+00 -3.505700e-01 1.771070e+00 0.000000e+00 6.121000e-01)
( 1.505389e+01 0.000000e+00 -3.502300e-01 1.740020e+00 0.000000e+00 6.030800e-01)
( 1.478875e+01 0.000000e+00 -3.498800e-01 1.709680e+00 0.000000e+00 5.918600e-01)
( 1.450869e+01 0.000000e+00 -3.495400e-01 1.677620e+00 0.000000e+00 5.800400e-01)
( 1.427907e+01 0.000000e+00 -3.486800e-01 1.651590e+00 0.000000e+00 5.708600e-01)
( 1.427907e+01 0.000000e+00 -3.478200e-01 1.651590e+00 0.000000e+00 5.708600e-01)
( 1.427907e+01 0.000000e+00 -3.469600e-01 1.651590e+00 0.000000e+00 5.708600e-01)
( 1.427907e+01 0.000000e+00 -3.461000e-01 1.651590e+00 0.000000e+00 5.708600e-01)
( 1.427907e+01 0.000000e+00 -3.452400e-01 1.651590e+00 0.000000e+00 5.708600e-01)
( 1.427907e+01 0.000000e+00 -3.443900e-01 1.651590e+00 0.000000e+00 5.708600e-01)
( 1.427907e+01 0.000000e+00 -3.435300e-01 1.651590e+00 0.000000e+00 5.708600e-01)
( 1.427907e+01 0.000000e+00 -3.426800e-01 1.651590e+00 0.000000e+00 5.708600e-01)
( 1.427907e+01 0.000000e+00 -3.418200e-01 1.651590e+00 0.000000e+00 5.708600e-01)
( 1.427907e+01 0.000000e+00 -3.401200e-01 1.651590e+00 0.000000e+00 5.708600e-01)
( 1.427907e+01 0.000000e+00 -3.384200e-01 1.651590e+00 0.000000e+00 5.708600e-01)
( 1.427907e+01 0.000000e+00 -3.367300e-01 1.651590e+00 0.000000e+00 5.708600e-01)
( 1.427907e+01 0.000000e+00 -3.350400e-01 1.651590e+00 0.000000e+00 5.708600e-01)
( 1.427907e+01 0.000000e+00 -3.333500e-01 1.651590e+00 0.000000e+00 5.708600e-01)
( 1.427907e+01 0.000000e+00 -3.316700e-01 1.651590e+00 0.000000e+00 5.708600e-01)
( 1.427907e+01 0.000000e+00 -3.299900e-01 1.651590e+00 0.000000e+00 5.708600e-01)
( 1.427907e+01 0.000000e+00 -3.283200e-01 1.651590e+00 0.000000e+00 5.708600e-01)
( 1.427907e+01 0.000000e+00 -3.273600e-01 1.651590e+00 0.000000e+00 5.708600e-01)
);