66
(
 2.919470e+00
 3.506630e+00
 4.368300e+00
 4.838200e+00
 5.175000e+00
 5.441730e+00
 5.664570e+00
 5.857030e+00
 6.027100e+00
 6.179870e+00
 6.318870e+00
 6.446630e+00
 6.565000e+00
 6.675400e+00
 6.778930e+00
 6.876530e+00
 6.968870e+00
 7.056530e+00
 7.148230e+00
 7.219870e+00
 7.296300e+00
 7.333330e+00
 7.440170e+00
 7.508130e+00
 7.637100e+00
 7.757900e+00
 7.871630e+00
 7.979130e+00
 8.081130e+00
 8.178230e+00
 8.270930e+00
 8.359630e+00
 8.444730e+00
 8.526530e+00
 8.681330e+00
 8.825800e+00
 8.961370e+00
 9.089230e+00
 9.210270e+00
 9.325230e+00
 9.434800e+00
 9.539530e+00
 9.639830e+00
 9.736130e+00
 9.828770e+00
 9.918030e+00
 1.000420e+01
 1.008747e+01
 1.008747e+01
 1.008747e+01
 1.008747e+01
 1.008747e+01
 1.008747e+01
 1.008747e+01
 1.008747e+01
 1.008747e+01
 1.008747e+01
 1.008747e+01
 1.008747e+01
 1.008747e+01
 1.008747e+01
 1.008747e+01
 1.008747e+01
 1.008747e+01
 1.008747e+01
 1.008747e+01
);