/*--------------------------------*- C++ -*----------------------------------*\
  =========                 |
  \\      /  F ield         | OpenFOAM: The Open Source CFD Toolbox
   \\    /   O peration     | Website:  https://openfoam.org
    \\  /    A nd           | Version:  10
     \\/     M anipulation  |
\*----------------------------------------------------------------------------

Description
    Writes out values of fields from cells nearest to specified locations.

\*---------------------------------------------------------------------------*/

type            probes;
libs            ("libsampling.so");
writeControl 	adjustableRunTime;
writeInterval 	0.002000;

fields 		(p);

probeLocations
(
 (0.076667 -0.120001 0.007000)
 (0.076667 -0.120001 0.021000)
 (0.076667 -0.120001 0.034999)
 (0.076667 -0.120001 0.048999)
 (0.076667 -0.120001 0.062999)
 (0.076667 -0.120001 0.076999)
 (0.076667 -0.120001 0.090998)
 (0.076667 -0.120001 0.104998)
 (0.070000 -0.120001 0.007000)
 (0.070000 -0.120001 0.021000)
 (0.070000 -0.120001 0.034999)
 (0.070000 -0.120001 0.048999)
 (0.070000 -0.120001 0.062999)
 (0.070000 -0.120001 0.076999)
 (0.070000 -0.120001 0.090998)
 (0.070000 -0.120001 0.104998)
 (0.063333 -0.120001 0.007000)
 (0.063333 -0.120001 0.021000)
 (0.063333 -0.120001 0.034999)
 (0.063333 -0.120001 0.048999)
 (0.063333 -0.120001 0.062999)
 (0.063333 -0.120001 0.076999)
 (0.063333 -0.120001 0.090998)
 (0.063333 -0.120001 0.104998)
 (0.056667 -0.120001 0.007000)
 (0.056667 -0.120001 0.021000)
 (0.056667 -0.120001 0.034999)
 (0.056667 -0.120001 0.048999)
 (0.056667 -0.120001 0.062999)
 (0.056667 -0.120001 0.076999)
 (0.056667 -0.120001 0.090998)
 (0.056667 -0.120001 0.104998)
 (0.050000 -0.120001 0.007000)
 (0.050000 -0.120001 0.021000)
 (0.050000 -0.120001 0.034999)
 (0.050000 -0.120001 0.048999)
 (0.050000 -0.120001 0.062999)
 (0.050000 -0.120001 0.076999)
 (0.050000 -0.120001 0.090998)
 (0.050000 -0.120001 0.104998)
 (0.043333 -0.120001 0.007000)
 (0.043333 -0.120001 0.021000)
 (0.043333 -0.120001 0.034999)
 (0.043333 -0.120001 0.048999)
 (0.043333 -0.120001 0.062999)
 (0.043333 -0.120001 0.076999)
 (0.043333 -0.120001 0.090998)
 (0.043333 -0.120001 0.104998)
 (0.036667 -0.120001 0.007000)
 (0.036667 -0.120001 0.021000)
 (0.036667 -0.120001 0.034999)
 (0.036667 -0.120001 0.048999)
 (0.036667 -0.120001 0.062999)
 (0.036667 -0.120001 0.076999)
 (0.036667 -0.120001 0.090998)
 (0.036667 -0.120001 0.104998)
 (0.030000 -0.120001 0.007000)
 (0.030000 -0.120001 0.021000)
 (0.030000 -0.120001 0.034999)
 (0.030000 -0.120001 0.048999)
 (0.030000 -0.120001 0.062999)
 (0.030000 -0.120001 0.076999)
 (0.030000 -0.120001 0.090998)
 (0.030000 -0.120001 0.104998)
 (0.023333 -0.120001 0.007000)
 (0.023333 -0.120001 0.021000)
 (0.023333 -0.120001 0.034999)
 (0.023333 -0.120001 0.048999)
 (0.023333 -0.120001 0.062999)
 (0.023333 -0.120001 0.076999)
 (0.023333 -0.120001 0.090998)
 (0.023333 -0.120001 0.104998)
 (0.016667 -0.120001 0.007000)
 (0.016667 -0.120001 0.021000)
 (0.016667 -0.120001 0.034999)
 (0.016667 -0.120001 0.048999)
 (0.016667 -0.120001 0.062999)
 (0.016667 -0.120001 0.076999)
 (0.016667 -0.120001 0.090998)
 (0.016667 -0.120001 0.104998)
 (0.010000 -0.120001 0.007000)
 (0.010000 -0.120001 0.021000)
 (0.010000 -0.120001 0.034999)
 (0.010000 -0.120001 0.048999)
 (0.010000 -0.120001 0.062999)
 (0.010000 -0.120001 0.076999)
 (0.010000 -0.120001 0.090998)
 (0.010000 -0.120001 0.104998)
 (0.003333 -0.120001 0.007000)
 (0.003333 -0.120001 0.021000)
 (0.003333 -0.120001 0.034999)
 (0.003333 -0.120001 0.048999)
 (0.003333 -0.120001 0.062999)
 (0.003333 -0.120001 0.076999)
 (0.003333 -0.120001 0.090998)
 (0.003333 -0.120001 0.104998)
 (-0.003333 -0.120001 0.007000)
 (-0.003333 -0.120001 0.021000)
 (-0.003333 -0.120001 0.034999)
 (-0.003333 -0.120001 0.048999)
 (-0.003333 -0.120001 0.062999)
 (-0.003333 -0.120001 0.076999)
 (-0.003333 -0.120001 0.090998)
 (-0.003333 -0.120001 0.104998)
 (-0.010000 -0.120001 0.007000)
 (-0.010000 -0.120001 0.021000)
 (-0.010000 -0.120001 0.034999)
 (-0.010000 -0.120001 0.048999)
 (-0.010000 -0.120001 0.062999)
 (-0.010000 -0.120001 0.076999)
 (-0.010000 -0.120001 0.090998)
 (-0.010000 -0.120001 0.104998)
 (-0.016667 -0.120001 0.007000)
 (-0.016667 -0.120001 0.021000)
 (-0.016667 -0.120001 0.034999)
 (-0.016667 -0.120001 0.048999)
 (-0.016667 -0.120001 0.062999)
 (-0.016667 -0.120001 0.076999)
 (-0.016667 -0.120001 0.090998)
 (-0.016667 -0.120001 0.104998)
 (-0.023333 -0.120001 0.007000)
 (-0.023333 -0.120001 0.021000)
 (-0.023333 -0.120001 0.034999)
 (-0.023333 -0.120001 0.048999)
 (-0.023333 -0.120001 0.062999)
 (-0.023333 -0.120001 0.076999)
 (-0.023333 -0.120001 0.090998)
 (-0.023333 -0.120001 0.104998)
 (-0.030000 -0.120001 0.007000)
 (-0.030000 -0.120001 0.021000)
 (-0.030000 -0.120001 0.034999)
 (-0.030000 -0.120001 0.048999)
 (-0.030000 -0.120001 0.062999)
 (-0.030000 -0.120001 0.076999)
 (-0.030000 -0.120001 0.090998)
 (-0.030000 -0.120001 0.104998)
 (-0.036667 -0.120001 0.007000)
 (-0.036667 -0.120001 0.021000)
 (-0.036667 -0.120001 0.034999)
 (-0.036667 -0.120001 0.048999)
 (-0.036667 -0.120001 0.062999)
 (-0.036667 -0.120001 0.076999)
 (-0.036667 -0.120001 0.090998)
 (-0.036667 -0.120001 0.104998)
 (-0.043333 -0.120001 0.007000)
 (-0.043333 -0.120001 0.021000)
 (-0.043333 -0.120001 0.034999)
 (-0.043333 -0.120001 0.048999)
 (-0.043333 -0.120001 0.062999)
 (-0.043333 -0.120001 0.076999)
 (-0.043333 -0.120001 0.090998)
 (-0.043333 -0.120001 0.104998)
 (-0.050000 -0.120001 0.007000)
 (-0.050000 -0.120001 0.021000)
 (-0.050000 -0.120001 0.034999)
 (-0.050000 -0.120001 0.048999)
 (-0.050000 -0.120001 0.062999)
 (-0.050000 -0.120001 0.076999)
 (-0.050000 -0.120001 0.090998)
 (-0.050000 -0.120001 0.104998)
 (-0.056667 -0.120001 0.007000)
 (-0.056667 -0.120001 0.021000)
 (-0.056667 -0.120001 0.034999)
 (-0.056667 -0.120001 0.048999)
 (-0.056667 -0.120001 0.062999)
 (-0.056667 -0.120001 0.076999)
 (-0.056667 -0.120001 0.090998)
 (-0.056667 -0.120001 0.104998)
 (-0.063333 -0.120001 0.007000)
 (-0.063333 -0.120001 0.021000)
 (-0.063333 -0.120001 0.034999)
 (-0.063333 -0.120001 0.048999)
 (-0.063333 -0.120001 0.062999)
 (-0.063333 -0.120001 0.076999)
 (-0.063333 -0.120001 0.090998)
 (-0.063333 -0.120001 0.104998)
 (-0.070000 -0.120001 0.007000)
 (-0.070000 -0.120001 0.021000)
 (-0.070000 -0.120001 0.034999)
 (-0.070000 -0.120001 0.048999)
 (-0.070000 -0.120001 0.062999)
 (-0.070000 -0.120001 0.076999)
 (-0.070000 -0.120001 0.090998)
 (-0.070000 -0.120001 0.104998)
 (-0.076667 -0.120001 0.007000)
 (-0.076667 -0.120001 0.021000)
 (-0.076667 -0.120001 0.034999)
 (-0.076667 -0.120001 0.048999)
 (-0.076667 -0.120001 0.062999)
 (-0.076667 -0.120001 0.076999)
 (-0.076667 -0.120001 0.090998)
 (-0.076667 -0.120001 0.104998)
 (0.076667 0.120001 0.007000)
 (0.076667 0.120001 0.021000)
 (0.076667 0.120001 0.034999)
 (0.076667 0.120001 0.048999)
 (0.076667 0.120001 0.062999)
 (0.076667 0.120001 0.076999)
 (0.076667 0.120001 0.090998)
 (0.076667 0.120001 0.104998)
 (0.070000 0.120001 0.007000)
 (0.070000 0.120001 0.021000)
 (0.070000 0.120001 0.034999)
 (0.070000 0.120001 0.048999)
 (0.070000 0.120001 0.062999)
 (0.070000 0.120001 0.076999)
 (0.070000 0.120001 0.090998)
 (0.070000 0.120001 0.104998)
 (0.063333 0.120001 0.007000)
 (0.063333 0.120001 0.021000)
 (0.063333 0.120001 0.034999)
 (0.063333 0.120001 0.048999)
 (0.063333 0.120001 0.062999)
 (0.063333 0.120001 0.076999)
 (0.063333 0.120001 0.090998)
 (0.063333 0.120001 0.104998)
 (0.056667 0.120001 0.007000)
 (0.056667 0.120001 0.021000)
 (0.056667 0.120001 0.034999)
 (0.056667 0.120001 0.048999)
 (0.056667 0.120001 0.062999)
 (0.056667 0.120001 0.076999)
 (0.056667 0.120001 0.090998)
 (0.056667 0.120001 0.104998)
 (0.050000 0.120001 0.007000)
 (0.050000 0.120001 0.021000)
 (0.050000 0.120001 0.034999)
 (0.050000 0.120001 0.048999)
 (0.050000 0.120001 0.062999)
 (0.050000 0.120001 0.076999)
 (0.050000 0.120001 0.090998)
 (0.050000 0.120001 0.104998)
 (0.043333 0.120001 0.007000)
 (0.043333 0.120001 0.021000)
 (0.043333 0.120001 0.034999)
 (0.043333 0.120001 0.048999)
 (0.043333 0.120001 0.062999)
 (0.043333 0.120001 0.076999)
 (0.043333 0.120001 0.090998)
 (0.043333 0.120001 0.104998)
 (0.036667 0.120001 0.007000)
 (0.036667 0.120001 0.021000)
 (0.036667 0.120001 0.034999)
 (0.036667 0.120001 0.048999)
 (0.036667 0.120001 0.062999)
 (0.036667 0.120001 0.076999)
 (0.036667 0.120001 0.090998)
 (0.036667 0.120001 0.104998)
 (0.030000 0.120001 0.007000)
 (0.030000 0.120001 0.021000)
 (0.030000 0.120001 0.034999)
 (0.030000 0.120001 0.048999)
 (0.030000 0.120001 0.062999)
 (0.030000 0.120001 0.076999)
 (0.030000 0.120001 0.090998)
 (0.030000 0.120001 0.104998)
 (0.023333 0.120001 0.007000)
 (0.023333 0.120001 0.021000)
 (0.023333 0.120001 0.034999)
 (0.023333 0.120001 0.048999)
 (0.023333 0.120001 0.062999)
 (0.023333 0.120001 0.076999)
 (0.023333 0.120001 0.090998)
 (0.023333 0.120001 0.104998)
 (0.016667 0.120001 0.007000)
 (0.016667 0.120001 0.021000)
 (0.016667 0.120001 0.034999)
 (0.016667 0.120001 0.048999)
 (0.016667 0.120001 0.062999)
 (0.016667 0.120001 0.076999)
 (0.016667 0.120001 0.090998)
 (0.016667 0.120001 0.104998)
 (0.010000 0.120001 0.007000)
 (0.010000 0.120001 0.021000)
 (0.010000 0.120001 0.034999)
 (0.010000 0.120001 0.048999)
 (0.010000 0.120001 0.062999)
 (0.010000 0.120001 0.076999)
 (0.010000 0.120001 0.090998)
 (0.010000 0.120001 0.104998)
 (0.003333 0.120001 0.007000)
 (0.003333 0.120001 0.021000)
 (0.003333 0.120001 0.034999)
 (0.003333 0.120001 0.048999)
 (0.003333 0.120001 0.062999)
 (0.003333 0.120001 0.076999)
 (0.003333 0.120001 0.090998)
 (0.003333 0.120001 0.104998)
 (-0.003333 0.120001 0.007000)
 (-0.003333 0.120001 0.021000)
 (-0.003333 0.120001 0.034999)
 (-0.003333 0.120001 0.048999)
 (-0.003333 0.120001 0.062999)
 (-0.003333 0.120001 0.076999)
 (-0.003333 0.120001 0.090998)
 (-0.003333 0.120001 0.104998)
 (-0.010000 0.120001 0.007000)
 (-0.010000 0.120001 0.021000)
 (-0.010000 0.120001 0.034999)
 (-0.010000 0.120001 0.048999)
 (-0.010000 0.120001 0.062999)
 (-0.010000 0.120001 0.076999)
 (-0.010000 0.120001 0.090998)
 (-0.010000 0.120001 0.104998)
 (-0.016667 0.120001 0.007000)
 (-0.016667 0.120001 0.021000)
 (-0.016667 0.120001 0.034999)
 (-0.016667 0.120001 0.048999)
 (-0.016667 0.120001 0.062999)
 (-0.016667 0.120001 0.076999)
 (-0.016667 0.120001 0.090998)
 (-0.016667 0.120001 0.104998)
 (-0.023333 0.120001 0.007000)
 (-0.023333 0.120001 0.021000)
 (-0.023333 0.120001 0.034999)
 (-0.023333 0.120001 0.048999)
 (-0.023333 0.120001 0.062999)
 (-0.023333 0.120001 0.076999)
 (-0.023333 0.120001 0.090998)
 (-0.023333 0.120001 0.104998)
 (-0.030000 0.120001 0.007000)
 (-0.030000 0.120001 0.021000)
 (-0.030000 0.120001 0.034999)
 (-0.030000 0.120001 0.048999)
 (-0.030000 0.120001 0.062999)
 (-0.030000 0.120001 0.076999)
 (-0.030000 0.120001 0.090998)
 (-0.030000 0.120001 0.104998)
 (-0.036667 0.120001 0.007000)
 (-0.036667 0.120001 0.021000)
 (-0.036667 0.120001 0.034999)
 (-0.036667 0.120001 0.048999)
 (-0.036667 0.120001 0.062999)
 (-0.036667 0.120001 0.076999)
 (-0.036667 0.120001 0.090998)
 (-0.036667 0.120001 0.104998)
 (-0.043333 0.120001 0.007000)
 (-0.043333 0.120001 0.021000)
 (-0.043333 0.120001 0.034999)
 (-0.043333 0.120001 0.048999)
 (-0.043333 0.120001 0.062999)
 (-0.043333 0.120001 0.076999)
 (-0.043333 0.120001 0.090998)
 (-0.043333 0.120001 0.104998)
 (-0.050000 0.120001 0.007000)
 (-0.050000 0.120001 0.021000)
 (-0.050000 0.120001 0.034999)
 (-0.050000 0.120001 0.048999)
 (-0.050000 0.120001 0.062999)
 (-0.050000 0.120001 0.076999)
 (-0.050000 0.120001 0.090998)
 (-0.050000 0.120001 0.104998)
 (-0.056667 0.120001 0.007000)
 (-0.056667 0.120001 0.021000)
 (-0.056667 0.120001 0.034999)
 (-0.056667 0.120001 0.048999)
 (-0.056667 0.120001 0.062999)
 (-0.056667 0.120001 0.076999)
 (-0.056667 0.120001 0.090998)
 (-0.056667 0.120001 0.104998)
 (-0.063333 0.120001 0.007000)
 (-0.063333 0.120001 0.021000)
 (-0.063333 0.120001 0.034999)
 (-0.063333 0.120001 0.048999)
 (-0.063333 0.120001 0.062999)
 (-0.063333 0.120001 0.076999)
 (-0.063333 0.120001 0.090998)
 (-0.063333 0.120001 0.104998)
 (-0.070000 0.120001 0.007000)
 (-0.070000 0.120001 0.021000)
 (-0.070000 0.120001 0.034999)
 (-0.070000 0.120001 0.048999)
 (-0.070000 0.120001 0.062999)
 (-0.070000 0.120001 0.076999)
 (-0.070000 0.120001 0.090998)
 (-0.070000 0.120001 0.104998)
 (-0.076667 0.120001 0.007000)
 (-0.076667 0.120001 0.021000)
 (-0.076667 0.120001 0.034999)
 (-0.076667 0.120001 0.048999)
 (-0.076667 0.120001 0.062999)
 (-0.076667 0.120001 0.076999)
 (-0.076667 0.120001 0.090998)
 (-0.076667 0.120001 0.104998)
 (0.080001 -0.112500 0.007000)
 (0.080001 -0.112500 0.021000)
 (0.080001 -0.112500 0.034999)
 (0.080001 -0.112500 0.048999)
 (0.080001 -0.112500 0.062999)
 (0.080001 -0.112500 0.076999)
 (0.080001 -0.112500 0.090998)
 (0.080001 -0.112500 0.104998)
 (0.080001 -0.097500 0.007000)
 (0.080001 -0.097500 0.021000)
 (0.080001 -0.097500 0.034999)
 (0.080001 -0.097500 0.048999)
 (0.080001 -0.097500 0.062999)
 (0.080001 -0.097500 0.076999)
 (0.080001 -0.097500 0.090998)
 (0.080001 -0.097500 0.104998)
 (0.080001 -0.082500 0.007000)
 (0.080001 -0.082500 0.021000)
 (0.080001 -0.082500 0.034999)
 (0.080001 -0.082500 0.048999)
 (0.080001 -0.082500 0.062999)
 (0.080001 -0.082500 0.076999)
 (0.080001 -0.082500 0.090998)
 (0.080001 -0.082500 0.104998)
 (0.080001 -0.067500 0.007000)
 (0.080001 -0.067500 0.021000)
 (0.080001 -0.067500 0.034999)
 (0.080001 -0.067500 0.048999)
 (0.080001 -0.067500 0.062999)
 (0.080001 -0.067500 0.076999)
 (0.080001 -0.067500 0.090998)
 (0.080001 -0.067500 0.104998)
 (0.080001 -0.052500 0.007000)
 (0.080001 -0.052500 0.021000)
 (0.080001 -0.052500 0.034999)
 (0.080001 -0.052500 0.048999)
 (0.080001 -0.052500 0.062999)
 (0.080001 -0.052500 0.076999)
 (0.080001 -0.052500 0.090998)
 (0.080001 -0.052500 0.104998)
 (0.080001 -0.037500 0.007000)
 (0.080001 -0.037500 0.021000)
 (0.080001 -0.037500 0.034999)
 (0.080001 -0.037500 0.048999)
 (0.080001 -0.037500 0.062999)
 (0.080001 -0.037500 0.076999)
 (0.080001 -0.037500 0.090998)
 (0.080001 -0.037500 0.104998)
 (0.080001 -0.022500 0.007000)
 (0.080001 -0.022500 0.021000)
 (0.080001 -0.022500 0.034999)
 (0.080001 -0.022500 0.048999)
 (0.080001 -0.022500 0.062999)
 (0.080001 -0.022500 0.076999)
 (0.080001 -0.022500 0.090998)
 (0.080001 -0.022500 0.104998)
 (0.080001 -0.007500 0.007000)
 (0.080001 -0.007500 0.021000)
 (0.080001 -0.007500 0.034999)
 (0.080001 -0.007500 0.048999)
 (0.080001 -0.007500 0.062999)
 (0.080001 -0.007500 0.076999)
 (0.080001 -0.007500 0.090998)
 (0.080001 -0.007500 0.104998)
 (0.080001 0.007500 0.007000)
 (0.080001 0.007500 0.021000)
 (0.080001 0.007500 0.034999)
 (0.080001 0.007500 0.048999)
 (0.080001 0.007500 0.062999)
 (0.080001 0.007500 0.076999)
 (0.080001 0.007500 0.090998)
 (0.080001 0.007500 0.104998)
 (0.080001 0.022500 0.007000)
 (0.080001 0.022500 0.021000)
 (0.080001 0.022500 0.034999)
 (0.080001 0.022500 0.048999)
 (0.080001 0.022500 0.062999)
 (0.080001 0.022500 0.076999)
 (0.080001 0.022500 0.090998)
 (0.080001 0.022500 0.104998)
 (0.080001 0.037500 0.007000)
 (0.080001 0.037500 0.021000)
 (0.080001 0.037500 0.034999)
 (0.080001 0.037500 0.048999)
 (0.080001 0.037500 0.062999)
 (0.080001 0.037500 0.076999)
 (0.080001 0.037500 0.090998)
 (0.080001 0.037500 0.104998)
 (0.080001 0.052500 0.007000)
 (0.080001 0.052500 0.021000)
 (0.080001 0.052500 0.034999)
 (0.080001 0.052500 0.048999)
 (0.080001 0.052500 0.062999)
 (0.080001 0.052500 0.076999)
 (0.080001 0.052500 0.090998)
 (0.080001 0.052500 0.104998)
 (0.080001 0.067500 0.007000)
 (0.080001 0.067500 0.021000)
 (0.080001 0.067500 0.034999)
 (0.080001 0.067500 0.048999)
 (0.080001 0.067500 0.062999)
 (0.080001 0.067500 0.076999)
 (0.080001 0.067500 0.090998)
 (0.080001 0.067500 0.104998)
 (0.080001 0.082500 0.007000)
 (0.080001 0.082500 0.021000)
 (0.080001 0.082500 0.034999)
 (0.080001 0.082500 0.048999)
 (0.080001 0.082500 0.062999)
 (0.080001 0.082500 0.076999)
 (0.080001 0.082500 0.090998)
 (0.080001 0.082500 0.104998)
 (0.080001 0.097500 0.007000)
 (0.080001 0.097500 0.021000)
 (0.080001 0.097500 0.034999)
 (0.080001 0.097500 0.048999)
 (0.080001 0.097500 0.062999)
 (0.080001 0.097500 0.076999)
 (0.080001 0.097500 0.090998)
 (0.080001 0.097500 0.104998)
 (0.080001 0.112500 0.007000)
 (0.080001 0.112500 0.021000)
 (0.080001 0.112500 0.034999)
 (0.080001 0.112500 0.048999)
 (0.080001 0.112500 0.062999)
 (0.080001 0.112500 0.076999)
 (0.080001 0.112500 0.090998)
 (0.080001 0.112500 0.104998)
 (-0.080001 -0.112500 0.007000)
 (-0.080001 -0.112500 0.021000)
 (-0.080001 -0.112500 0.034999)
 (-0.080001 -0.112500 0.048999)
 (-0.080001 -0.112500 0.062999)
 (-0.080001 -0.112500 0.076999)
 (-0.080001 -0.112500 0.090998)
 (-0.080001 -0.112500 0.104998)
 (-0.080001 -0.097500 0.007000)
 (-0.080001 -0.097500 0.021000)
 (-0.080001 -0.097500 0.034999)
 (-0.080001 -0.097500 0.048999)
 (-0.080001 -0.097500 0.062999)
 (-0.080001 -0.097500 0.076999)
 (-0.080001 -0.097500 0.090998)
 (-0.080001 -0.097500 0.104998)
 (-0.080001 -0.082500 0.007000)
 (-0.080001 -0.082500 0.021000)
 (-0.080001 -0.082500 0.034999)
 (-0.080001 -0.082500 0.048999)
 (-0.080001 -0.082500 0.062999)
 (-0.080001 -0.082500 0.076999)
 (-0.080001 -0.082500 0.090998)
 (-0.080001 -0.082500 0.104998)
 (-0.080001 -0.067500 0.007000)
 (-0.080001 -0.067500 0.021000)
 (-0.080001 -0.067500 0.034999)
 (-0.080001 -0.067500 0.048999)
 (-0.080001 -0.067500 0.062999)
 (-0.080001 -0.067500 0.076999)
 (-0.080001 -0.067500 0.090998)
 (-0.080001 -0.067500 0.104998)
 (-0.080001 -0.052500 0.007000)
 (-0.080001 -0.052500 0.021000)
 (-0.080001 -0.052500 0.034999)
 (-0.080001 -0.052500 0.048999)
 (-0.080001 -0.052500 0.062999)
 (-0.080001 -0.052500 0.076999)
 (-0.080001 -0.052500 0.090998)
 (-0.080001 -0.052500 0.104998)
 (-0.080001 -0.037500 0.007000)
 (-0.080001 -0.037500 0.021000)
 (-0.080001 -0.037500 0.034999)
 (-0.080001 -0.037500 0.048999)
 (-0.080001 -0.037500 0.062999)
 (-0.080001 -0.037500 0.076999)
 (-0.080001 -0.037500 0.090998)
 (-0.080001 -0.037500 0.104998)
 (-0.080001 -0.022500 0.007000)
 (-0.080001 -0.022500 0.021000)
 (-0.080001 -0.022500 0.034999)
 (-0.080001 -0.022500 0.048999)
 (-0.080001 -0.022500 0.062999)
 (-0.080001 -0.022500 0.076999)
 (-0.080001 -0.022500 0.090998)
 (-0.080001 -0.022500 0.104998)
 (-0.080001 -0.007500 0.007000)
 (-0.080001 -0.007500 0.021000)
 (-0.080001 -0.007500 0.034999)
 (-0.080001 -0.007500 0.048999)
 (-0.080001 -0.007500 0.062999)
 (-0.080001 -0.007500 0.076999)
 (-0.080001 -0.007500 0.090998)
 (-0.080001 -0.007500 0.104998)
 (-0.080001 0.007500 0.007000)
 (-0.080001 0.007500 0.021000)
 (-0.080001 0.007500 0.034999)
 (-0.080001 0.007500 0.048999)
 (-0.080001 0.007500 0.062999)
 (-0.080001 0.007500 0.076999)
 (-0.080001 0.007500 0.090998)
 (-0.080001 0.007500 0.104998)
 (-0.080001 0.022500 0.007000)
 (-0.080001 0.022500 0.021000)
 (-0.080001 0.022500 0.034999)
 (-0.080001 0.022500 0.048999)
 (-0.080001 0.022500 0.062999)
 (-0.080001 0.022500 0.076999)
 (-0.080001 0.022500 0.090998)
 (-0.080001 0.022500 0.104998)
 (-0.080001 0.037500 0.007000)
 (-0.080001 0.037500 0.021000)
 (-0.080001 0.037500 0.034999)
 (-0.080001 0.037500 0.048999)
 (-0.080001 0.037500 0.062999)
 (-0.080001 0.037500 0.076999)
 (-0.080001 0.037500 0.090998)
 (-0.080001 0.037500 0.104998)
 (-0.080001 0.052500 0.007000)
 (-0.080001 0.052500 0.021000)
 (-0.080001 0.052500 0.034999)
 (-0.080001 0.052500 0.048999)
 (-0.080001 0.052500 0.062999)
 (-0.080001 0.052500 0.076999)
 (-0.080001 0.052500 0.090998)
 (-0.080001 0.052500 0.104998)
 (-0.080001 0.067500 0.007000)
 (-0.080001 0.067500 0.021000)
 (-0.080001 0.067500 0.034999)
 (-0.080001 0.067500 0.048999)
 (-0.080001 0.067500 0.062999)
 (-0.080001 0.067500 0.076999)
 (-0.080001 0.067500 0.090998)
 (-0.080001 0.067500 0.104998)
 (-0.080001 0.082500 0.007000)
 (-0.080001 0.082500 0.021000)
 (-0.080001 0.082500 0.034999)
 (-0.080001 0.082500 0.048999)
 (-0.080001 0.082500 0.062999)
 (-0.080001 0.082500 0.076999)
 (-0.080001 0.082500 0.090998)
 (-0.080001 0.082500 0.104998)
 (-0.080001 0.097500 0.007000)
 (-0.080001 0.097500 0.021000)
 (-0.080001 0.097500 0.034999)
 (-0.080001 0.097500 0.048999)
 (-0.080001 0.097500 0.062999)
 (-0.080001 0.097500 0.076999)
 (-0.080001 0.097500 0.090998)
 (-0.080001 0.097500 0.104998)
 (-0.080001 0.112500 0.007000)
 (-0.080001 0.112500 0.021000)
 (-0.080001 0.112500 0.034999)
 (-0.080001 0.112500 0.048999)
 (-0.080001 0.112500 0.062999)
 (-0.080001 0.112500 0.076999)
 (-0.080001 0.112500 0.090998)
 (-0.080001 0.112500 0.104998)
 (0.076667 -0.112500 0.111999)
 (0.070000 -0.112500 0.111999)
 (0.063333 -0.112500 0.111999)
 (0.056667 -0.112500 0.111999)
 (0.050000 -0.112500 0.111999)
 (0.043333 -0.112500 0.111999)
 (0.036667 -0.112500 0.111999)
 (0.030000 -0.112500 0.111999)
 (0.023333 -0.112500 0.111999)
 (0.016667 -0.112500 0.111999)
 (0.010000 -0.112500 0.111999)
 (0.003333 -0.112500 0.111999)
 (-0.003333 -0.112500 0.111999)
 (-0.010000 -0.112500 0.111999)
 (-0.016667 -0.112500 0.111999)
 (-0.023333 -0.112500 0.111999)
 (-0.030000 -0.112500 0.111999)
 (-0.036667 -0.112500 0.111999)
 (-0.043333 -0.112500 0.111999)
 (-0.050000 -0.112500 0.111999)
 (-0.056667 -0.112500 0.111999)
 (-0.063333 -0.112500 0.111999)
 (-0.070000 -0.112500 0.111999)
 (-0.076667 -0.112500 0.111999)
 (0.076667 -0.097500 0.111999)
 (0.070000 -0.097500 0.111999)
 (0.063333 -0.097500 0.111999)
 (0.056667 -0.097500 0.111999)
 (0.050000 -0.097500 0.111999)
 (0.043333 -0.097500 0.111999)
 (0.036667 -0.097500 0.111999)
 (0.030000 -0.097500 0.111999)
 (0.023333 -0.097500 0.111999)
 (0.016667 -0.097500 0.111999)
 (0.010000 -0.097500 0.111999)
 (0.003333 -0.097500 0.111999)
 (-0.003333 -0.097500 0.111999)
 (-0.010000 -0.097500 0.111999)
 (-0.016667 -0.097500 0.111999)
 (-0.023333 -0.097500 0.111999)
 (-0.030000 -0.097500 0.111999)
 (-0.036667 -0.097500 0.111999)
 (-0.043333 -0.097500 0.111999)
 (-0.050000 -0.097500 0.111999)
 (-0.056667 -0.097500 0.111999)
 (-0.063333 -0.097500 0.111999)
 (-0.070000 -0.097500 0.111999)
 (-0.076667 -0.097500 0.111999)
 (0.076667 -0.082500 0.111999)
 (0.070000 -0.082500 0.111999)
 (0.063333 -0.082500 0.111999)
 (0.056667 -0.082500 0.111999)
 (0.050000 -0.082500 0.111999)
 (0.043333 -0.082500 0.111999)
 (0.036667 -0.082500 0.111999)
 (0.030000 -0.082500 0.111999)
 (0.023333 -0.082500 0.111999)
 (0.016667 -0.082500 0.111999)
 (0.010000 -0.082500 0.111999)
 (0.003333 -0.082500 0.111999)
 (-0.003333 -0.082500 0.111999)
 (-0.010000 -0.082500 0.111999)
 (-0.016667 -0.082500 0.111999)
 (-0.023333 -0.082500 0.111999)
 (-0.030000 -0.082500 0.111999)
 (-0.036667 -0.082500 0.111999)
 (-0.043333 -0.082500 0.111999)
 (-0.050000 -0.082500 0.111999)
 (-0.056667 -0.082500 0.111999)
 (-0.063333 -0.082500 0.111999)
 (-0.070000 -0.082500 0.111999)
 (-0.076667 -0.082500 0.111999)
 (0.076667 -0.067500 0.111999)
 (0.070000 -0.067500 0.111999)
 (0.063333 -0.067500 0.111999)
 (0.056667 -0.067500 0.111999)
 (0.050000 -0.067500 0.111999)
 (0.043333 -0.067500 0.111999)
 (0.036667 -0.067500 0.111999)
 (0.030000 -0.067500 0.111999)
 (0.023333 -0.067500 0.111999)
 (0.016667 -0.067500 0.111999)
 (0.010000 -0.067500 0.111999)
 (0.003333 -0.067500 0.111999)
 (-0.003333 -0.067500 0.111999)
 (-0.010000 -0.067500 0.111999)
 (-0.016667 -0.067500 0.111999)
 (-0.023333 -0.067500 0.111999)
 (-0.030000 -0.067500 0.111999)
 (-0.036667 -0.067500 0.111999)
 (-0.043333 -0.067500 0.111999)
 (-0.050000 -0.067500 0.111999)
 (-0.056667 -0.067500 0.111999)
 (-0.063333 -0.067500 0.111999)
 (-0.070000 -0.067500 0.111999)
 (-0.076667 -0.067500 0.111999)
 (0.076667 -0.052500 0.111999)
 (0.070000 -0.052500 0.111999)
 (0.063333 -0.052500 0.111999)
 (0.056667 -0.052500 0.111999)
 (0.050000 -0.052500 0.111999)
 (0.043333 -0.052500 0.111999)
 (0.036667 -0.052500 0.111999)
 (0.030000 -0.052500 0.111999)
 (0.023333 -0.052500 0.111999)
 (0.016667 -0.052500 0.111999)
 (0.010000 -0.052500 0.111999)
 (0.003333 -0.052500 0.111999)
 (-0.003333 -0.052500 0.111999)
 (-0.010000 -0.052500 0.111999)
 (-0.016667 -0.052500 0.111999)
 (-0.023333 -0.052500 0.111999)
 (-0.030000 -0.052500 0.111999)
 (-0.036667 -0.052500 0.111999)
 (-0.043333 -0.052500 0.111999)
 (-0.050000 -0.052500 0.111999)
 (-0.056667 -0.052500 0.111999)
 (-0.063333 -0.052500 0.111999)
 (-0.070000 -0.052500 0.111999)
 (-0.076667 -0.052500 0.111999)
 (0.076667 -0.037500 0.111999)
 (0.070000 -0.037500 0.111999)
 (0.063333 -0.037500 0.111999)
 (0.056667 -0.037500 0.111999)
 (0.050000 -0.037500 0.111999)
 (0.043333 -0.037500 0.111999)
 (0.036667 -0.037500 0.111999)
 (0.030000 -0.037500 0.111999)
 (0.023333 -0.037500 0.111999)
 (0.016667 -0.037500 0.111999)
 (0.010000 -0.037500 0.111999)
 (0.003333 -0.037500 0.111999)
 (-0.003333 -0.037500 0.111999)
 (-0.010000 -0.037500 0.111999)
 (-0.016667 -0.037500 0.111999)
 (-0.023333 -0.037500 0.111999)
 (-0.030000 -0.037500 0.111999)
 (-0.036667 -0.037500 0.111999)
 (-0.043333 -0.037500 0.111999)
 (-0.050000 -0.037500 0.111999)
 (-0.056667 -0.037500 0.111999)
 (-0.063333 -0.037500 0.111999)
 (-0.070000 -0.037500 0.111999)
 (-0.076667 -0.037500 0.111999)
 (0.076667 -0.022500 0.111999)
 (0.070000 -0.022500 0.111999)
 (0.063333 -0.022500 0.111999)
 (0.056667 -0.022500 0.111999)
 (0.050000 -0.022500 0.111999)
 (0.043333 -0.022500 0.111999)
 (0.036667 -0.022500 0.111999)
 (0.030000 -0.022500 0.111999)
 (0.023333 -0.022500 0.111999)
 (0.016667 -0.022500 0.111999)
 (0.010000 -0.022500 0.111999)
 (0.003333 -0.022500 0.111999)
 (-0.003333 -0.022500 0.111999)
 (-0.010000 -0.022500 0.111999)
 (-0.016667 -0.022500 0.111999)
 (-0.023333 -0.022500 0.111999)
 (-0.030000 -0.022500 0.111999)
 (-0.036667 -0.022500 0.111999)
 (-0.043333 -0.022500 0.111999)
 (-0.050000 -0.022500 0.111999)
 (-0.056667 -0.022500 0.111999)
 (-0.063333 -0.022500 0.111999)
 (-0.070000 -0.022500 0.111999)
 (-0.076667 -0.022500 0.111999)
 (0.076667 -0.007500 0.111999)
 (0.070000 -0.007500 0.111999)
 (0.063333 -0.007500 0.111999)
 (0.056667 -0.007500 0.111999)
 (0.050000 -0.007500 0.111999)
 (0.043333 -0.007500 0.111999)
 (0.036667 -0.007500 0.111999)
 (0.030000 -0.007500 0.111999)
 (0.023333 -0.007500 0.111999)
 (0.016667 -0.007500 0.111999)
 (0.010000 -0.007500 0.111999)
 (0.003333 -0.007500 0.111999)
 (-0.003333 -0.007500 0.111999)
 (-0.010000 -0.007500 0.111999)
 (-0.016667 -0.007500 0.111999)
 (-0.023333 -0.007500 0.111999)
 (-0.030000 -0.007500 0.111999)
 (-0.036667 -0.007500 0.111999)
 (-0.043333 -0.007500 0.111999)
 (-0.050000 -0.007500 0.111999)
 (-0.056667 -0.007500 0.111999)
 (-0.063333 -0.007500 0.111999)
 (-0.070000 -0.007500 0.111999)
 (-0.076667 -0.007500 0.111999)
 (0.076667 0.007500 0.111999)
 (0.070000 0.007500 0.111999)
 (0.063333 0.007500 0.111999)
 (0.056667 0.007500 0.111999)
 (0.050000 0.007500 0.111999)
 (0.043333 0.007500 0.111999)
 (0.036667 0.007500 0.111999)
 (0.030000 0.007500 0.111999)
 (0.023333 0.007500 0.111999)
 (0.016667 0.007500 0.111999)
 (0.010000 0.007500 0.111999)
 (0.003333 0.007500 0.111999)
 (-0.003333 0.007500 0.111999)
 (-0.010000 0.007500 0.111999)
 (-0.016667 0.007500 0.111999)
 (-0.023333 0.007500 0.111999)
 (-0.030000 0.007500 0.111999)
 (-0.036667 0.007500 0.111999)
 (-0.043333 0.007500 0.111999)
 (-0.050000 0.007500 0.111999)
 (-0.056667 0.007500 0.111999)
 (-0.063333 0.007500 0.111999)
 (-0.070000 0.007500 0.111999)
 (-0.076667 0.007500 0.111999)
 (0.076667 0.022500 0.111999)
 (0.070000 0.022500 0.111999)
 (0.063333 0.022500 0.111999)
 (0.056667 0.022500 0.111999)
 (0.050000 0.022500 0.111999)
 (0.043333 0.022500 0.111999)
 (0.036667 0.022500 0.111999)
 (0.030000 0.022500 0.111999)
 (0.023333 0.022500 0.111999)
 (0.016667 0.022500 0.111999)
 (0.010000 0.022500 0.111999)
 (0.003333 0.022500 0.111999)
 (-0.003333 0.022500 0.111999)
 (-0.010000 0.022500 0.111999)
 (-0.016667 0.022500 0.111999)
 (-0.023333 0.022500 0.111999)
 (-0.030000 0.022500 0.111999)
 (-0.036667 0.022500 0.111999)
 (-0.043333 0.022500 0.111999)
 (-0.050000 0.022500 0.111999)
 (-0.056667 0.022500 0.111999)
 (-0.063333 0.022500 0.111999)
 (-0.070000 0.022500 0.111999)
 (-0.076667 0.022500 0.111999)
 (0.076667 0.037500 0.111999)
 (0.070000 0.037500 0.111999)
 (0.063333 0.037500 0.111999)
 (0.056667 0.037500 0.111999)
 (0.050000 0.037500 0.111999)
 (0.043333 0.037500 0.111999)
 (0.036667 0.037500 0.111999)
 (0.030000 0.037500 0.111999)
 (0.023333 0.037500 0.111999)
 (0.016667 0.037500 0.111999)
 (0.010000 0.037500 0.111999)
 (0.003333 0.037500 0.111999)
 (-0.003333 0.037500 0.111999)
 (-0.010000 0.037500 0.111999)
 (-0.016667 0.037500 0.111999)
 (-0.023333 0.037500 0.111999)
 (-0.030000 0.037500 0.111999)
 (-0.036667 0.037500 0.111999)
 (-0.043333 0.037500 0.111999)
 (-0.050000 0.037500 0.111999)
 (-0.056667 0.037500 0.111999)
 (-0.063333 0.037500 0.111999)
 (-0.070000 0.037500 0.111999)
 (-0.076667 0.037500 0.111999)
 (0.076667 0.052500 0.111999)
 (0.070000 0.052500 0.111999)
 (0.063333 0.052500 0.111999)
 (0.056667 0.052500 0.111999)
 (0.050000 0.052500 0.111999)
 (0.043333 0.052500 0.111999)
 (0.036667 0.052500 0.111999)
 (0.030000 0.052500 0.111999)
 (0.023333 0.052500 0.111999)
 (0.016667 0.052500 0.111999)
 (0.010000 0.052500 0.111999)
 (0.003333 0.052500 0.111999)
 (-0.003333 0.052500 0.111999)
 (-0.010000 0.052500 0.111999)
 (-0.016667 0.052500 0.111999)
 (-0.023333 0.052500 0.111999)
 (-0.030000 0.052500 0.111999)
 (-0.036667 0.052500 0.111999)
 (-0.043333 0.052500 0.111999)
 (-0.050000 0.052500 0.111999)
 (-0.056667 0.052500 0.111999)
 (-0.063333 0.052500 0.111999)
 (-0.070000 0.052500 0.111999)
 (-0.076667 0.052500 0.111999)
 (0.076667 0.067500 0.111999)
 (0.070000 0.067500 0.111999)
 (0.063333 0.067500 0.111999)
 (0.056667 0.067500 0.111999)
 (0.050000 0.067500 0.111999)
 (0.043333 0.067500 0.111999)
 (0.036667 0.067500 0.111999)
 (0.030000 0.067500 0.111999)
 (0.023333 0.067500 0.111999)
 (0.016667 0.067500 0.111999)
 (0.010000 0.067500 0.111999)
 (0.003333 0.067500 0.111999)
 (-0.003333 0.067500 0.111999)
 (-0.010000 0.067500 0.111999)
 (-0.016667 0.067500 0.111999)
 (-0.023333 0.067500 0.111999)
 (-0.030000 0.067500 0.111999)
 (-0.036667 0.067500 0.111999)
 (-0.043333 0.067500 0.111999)
 (-0.050000 0.067500 0.111999)
 (-0.056667 0.067500 0.111999)
 (-0.063333 0.067500 0.111999)
 (-0.070000 0.067500 0.111999)
 (-0.076667 0.067500 0.111999)
 (0.076667 0.082500 0.111999)
 (0.070000 0.082500 0.111999)
 (0.063333 0.082500 0.111999)
 (0.056667 0.082500 0.111999)
 (0.050000 0.082500 0.111999)
 (0.043333 0.082500 0.111999)
 (0.036667 0.082500 0.111999)
 (0.030000 0.082500 0.111999)
 (0.023333 0.082500 0.111999)
 (0.016667 0.082500 0.111999)
 (0.010000 0.082500 0.111999)
 (0.003333 0.082500 0.111999)
 (-0.003333 0.082500 0.111999)
 (-0.010000 0.082500 0.111999)
 (-0.016667 0.082500 0.111999)
 (-0.023333 0.082500 0.111999)
 (-0.030000 0.082500 0.111999)
 (-0.036667 0.082500 0.111999)
 (-0.043333 0.082500 0.111999)
 (-0.050000 0.082500 0.111999)
 (-0.056667 0.082500 0.111999)
 (-0.063333 0.082500 0.111999)
 (-0.070000 0.082500 0.111999)
 (-0.076667 0.082500 0.111999)
 (0.076667 0.097500 0.111999)
 (0.070000 0.097500 0.111999)
 (0.063333 0.097500 0.111999)
 (0.056667 0.097500 0.111999)
 (0.050000 0.097500 0.111999)
 (0.043333 0.097500 0.111999)
 (0.036667 0.097500 0.111999)
 (0.030000 0.097500 0.111999)
 (0.023333 0.097500 0.111999)
 (0.016667 0.097500 0.111999)
 (0.010000 0.097500 0.111999)
 (0.003333 0.097500 0.111999)
 (-0.003333 0.097500 0.111999)
 (-0.010000 0.097500 0.111999)
 (-0.016667 0.097500 0.111999)
 (-0.023333 0.097500 0.111999)
 (-0.030000 0.097500 0.111999)
 (-0.036667 0.097500 0.111999)
 (-0.043333 0.097500 0.111999)
 (-0.050000 0.097500 0.111999)
 (-0.056667 0.097500 0.111999)
 (-0.063333 0.097500 0.111999)
 (-0.070000 0.097500 0.111999)
 (-0.076667 0.097500 0.111999)
 (0.076667 0.112500 0.111999)
 (0.070000 0.112500 0.111999)
 (0.063333 0.112500 0.111999)
 (0.056667 0.112500 0.111999)
 (0.050000 0.112500 0.111999)
 (0.043333 0.112500 0.111999)
 (0.036667 0.112500 0.111999)
 (0.030000 0.112500 0.111999)
 (0.023333 0.112500 0.111999)
 (0.016667 0.112500 0.111999)
 (0.010000 0.112500 0.111999)
 (0.003333 0.112500 0.111999)
 (-0.003333 0.112500 0.111999)
 (-0.010000 0.112500 0.111999)
 (-0.016667 0.112500 0.111999)
 (-0.023333 0.112500 0.111999)
 (-0.030000 0.112500 0.111999)
 (-0.036667 0.112500 0.111999)
 (-0.043333 0.112500 0.111999)
 (-0.050000 0.112500 0.111999)
 (-0.056667 0.112500 0.111999)
 (-0.063333 0.112500 0.111999)
 (-0.070000 0.112500 0.111999)
 (-0.076667 0.112500 0.111999)
);

// ************************************************************************* //
